<!DOCTYPE html>
<html lang="en">
<head>
<meta charset="utf-8"/>
<style>body{background-color:white;}</style>
<link href="lib/htmltools-fill-0.5.8.1/fill.css" rel="stylesheet" />
<script src="lib/htmlwidgets-1.6.4/htmlwidgets.js"></script>
<script src="lib/plotly-binding-4.10.4/plotly.js"></script>
<script src="lib/typedarray-0.1/typedarray.min.js"></script>
<script src="lib/jquery-3.5.1/jquery.min.js"></script>
<link href="lib/crosstalk-1.2.1/css/crosstalk.min.css" rel="stylesheet" />
<script src="lib/crosstalk-1.2.1/js/crosstalk.min.js"></script>
<link href="lib/plotly-htmlwidgets-css-2.11.1/plotly-htmlwidgets.css" rel="stylesheet" />
<script src="lib/plotly-main-2.11.1/plotly-latest.min.js"></script>

</head>
<body>
<div id="htmlwidget_container">
  <div class="plotly html-widget html-fill-item" id="htmlwidget-9101de6b81bc6658a4ee" style="width:100%;height:400px;"></div>
</div>
<script type="application/json" data-for="htmlwidget-9101de6b81bc6658a4ee">{"x":{"visdat":{"3e544fee2bb1":["function () ","plotlyVisDat"]},"cur_data":"3e544fee2bb1","attrs":{"3e544fee2bb1":{"x":[-10,-9.3103448275862064,-8.6206896551724128,-7.931034482758621,-7.2413793103448274,-6.5517241379310338,-5.8620689655172411,-5.1724137931034484,-4.4827586206896548,-3.7931034482758612,-3.1034482758620685,-2.4137931034482758,-1.7241379310344822,-1.0344827586206886,-0.3448275862068968,0.3448275862068968,1.0344827586206904,1.724137931034484,2.4137931034482776,3.1034482758620694,3.793103448275863,4.4827586206896566,5.1724137931034484,5.862068965517242,6.5517241379310356,7.2413793103448292,7.9310344827586228,8.6206896551724164,9.3103448275862064,10],"y":[-10,-9.3103448275862064,-8.6206896551724128,-7.931034482758621,-7.2413793103448274,-6.5517241379310338,-5.8620689655172411,-5.1724137931034484,-4.4827586206896548,-3.7931034482758612,-3.1034482758620685,-2.4137931034482758,-1.7241379310344822,-1.0344827586206886,-0.3448275862068968,0.3448275862068968,1.0344827586206904,1.724137931034484,2.4137931034482776,3.1034482758620694,3.793103448275863,4.4827586206896566,5.1724137931034484,5.862068965517242,6.5517241379310356,7.2413793103448292,7.9310344827586228,8.6206896551724164,9.3103448275862064,10],"z":[[-0.0049686621325942962,0.45643622917172816,0.80416982228008094,0.980675970721542,0.97593903055316644,0.81893562029359046,0.56131013780502814,0.25990863636466821,-0.036773868626590489,-0.29586298719828924,-0.50127642040056153,-0.65060323179618651,-0.74997889422410535,-0.80885894233551625,-0.83582331822870903,-0.83582331822870903,-0.80885894233551625,-0.74997889422410535,-0.65060323179618651,-0.50127642040056153,-0.29586298719828924,-0.036773868626590489,0.25990863636466821,0.56131013780502959,0.81893562029359046,0.97593903055316689,0.98067597072154167,0.80416982228007983,0.45643622917172816,-0.0049686621325942962],[0.45643622917172816,0.82508409147707262,0.99254773307925492,0.94410618294716186,0.71689882943390915,0.37922585900636757,0.0065333442620606206,-0.3381236653168988,-0.61489068888206344,-0.80885894233551736,-0.92521777468319899,-0.98136072946913133,-0.99903814790278966,-0.99836805924688943,-0.99416831613264511,-0.99416831613264511,-0.99836805924688943,-0.99903814790278955,-0.98136072946913133,-0.92521777468319832,-0.80885894233551625,-0.61489068888206344,-0.3381236653168988,0.0065333442620606206,0.37922585900636757,0.71689882943390915,0.94410618294716186,0.9925477330792547,0.82508409147707262,0.45643622917172816],[0.80416982228008094,0.99254773307925492,0.93055362316052692,0.65819393745903421,0.25990863636466821,-0.16698254548288155,-0.54013492096406679,-0.80885894233551625,-0.95773460058415427,-0.99997886270307346,-0.96574912730069207,-0.89041820318069531,-0.80604046148051312,-0.73695549542071392,-0.69871650003118602,-0.69871650003118602,-0.73695549542071392,-0.80604046148051423,-0.89041820318069531,-0.96574912730069251,-0.99997886270307346,-0.95773460058415427,-0.80885894233551625,-0.54013492096406679,-0.1669825454828798,0.25990863636466993,0.65819393745903421,0.93055362316052825,0.99254773307925492,0.80416982228008094],[0.980675970721542,0.94410618294716186,0.65819393745903421,0.218817309512883,-0.25319374054212812,-0.65060323179618784,-0.90580006601502583,-0.99903814790278955,-0.9509387449258444,-0.80604046148051423,-0.61519358636700505,-0.42253078985813092,-0.2592985216662439,-0.14373499608005277,-0.084444876073722017,-0.084444876073722017,-0.14373499608005277,-0.2592985216662439,-0.42253078985813092,-0.61519358636700505,-0.80604046148051423,-0.95093874492584485,-0.99903814790278955,-0.90580006601502583,-0.65060323179618651,-0.25319374054212812,0.21881730951288475,0.65819393745903554,0.94410618294716186,0.980675970721542],[0.97593903055316644,0.71689882943390915,0.25990863636466821,-0.25319374054212812,-0.68508287297900228,-0.9425534324386432,-0.99416831613264511,-0.86491226058488646,-0.61519358636700361,-0.3152186581006739,-0.024401915258889628,0.21910552662493171,0.39877174496960838,0.51335002700618637,0.56826583299645372,0.56826583299645372,0.51335002700618637,0.39877174496960754,0.21910552662493085,-0.024401915258889628,-0.3152186581006739,-0.61519358636700505,-0.86491226058488646,-0.99416831613264534,-0.94255343243864265,-0.68508287297900095,-0.25319374054212812,0.25990863636466993,0.71689882943390915,0.97593903055316644],[0.81893562029359046,0.37922585900636757,-0.16698254548288155,-0.65060323179618784,-0.9425534324386432,-0.9873479487983885,-0.80604046148051312,-0.47363224593430586,-0.084444876073720254,0.27968398651016224,0.56826583299645517,0.76545954250440562,0.88157786322625487,0.93947357034912282,0.96171401451657101,0.96171401451657101,0.93947357034912282,0.88157786322625442,0.76545954250440507,0.56826583299645517,0.27968398651016141,-0.084444876073722017,-0.47363224593430586,-0.80604046148051423,-0.9873479487983885,-0.94255343243864265,-0.65060323179618651,-0.1669825454828798,0.37922585900636757,0.81893562029359046],[0.56131013780502814,0.0065333442620606206,-0.54013492096406679,-0.90580006601502583,-0.99416831613264511,-0.80604046148051312,-0.42253078985812931,0.036191625888777855,0.45675944513281841,0.76545954250440562,0.93947357034912282,0.99841035128512867,0.9851029097920142,0.9458677943441679,0.91672850205024947,0.91672850205024947,0.9458677943441679,0.9851029097920142,0.99841035128512867,0.93947357034912282,0.76545954250440451,0.4567594451328168,0.036191625888777855,-0.42253078985813092,-0.80604046148051423,-0.99416831613264534,-0.90580006601502505,-0.54013492096406535,0.0065333442620606206,0.56131013780502814],[0.25990863636466821,-0.3381236653168988,-0.80885894233551625,-0.99903814790278955,-0.86491226058488646,-0.47363224593430586,0.036191625888777855,0.51335002700618637,0.84648568038964422,0.99143456316660106,0.96862326386525088,0.83904374167133577,0.674150457640317,0.53326781447813565,0.45422876044514637,0.45422876044514637,0.53326781447813565,0.67415045764031767,0.83904374167133622,0.96862326386525088,0.99143456316660095,0.84648568038964378,0.51335002700618637,0.036191625888776967,-0.47363224593430742,-0.86491226058488735,-0.99903814790278955,-0.80885894233551525,-0.3381236653168988,0.25990863636466821],[-0.036773868626590489,-0.61489068888206344,-0.95773460058415427,-0.9509387449258444,-0.61519358636700361,-0.084444876073720254,0.45675944513281841,0.84648568038964422,0.99841035128512867,0.91672850205024947,0.674150457640317,0.36992595086127728,0.090380028855739897,-0.11158231348459283,-0.21470260303333055,-0.21470260303333055,-0.11158231348459194,0.090380028855740785,0.36992595086127894,0.674150457640317,0.9167285020502498,0.99841035128512856,0.84648568038964422,0.45675944513281758,-0.084444876073722017,-0.61519358636700505,-0.95093874492584485,-0.95773460058415372,-0.61489068888206344,-0.036773868626590489],[-0.29586298719828924,-0.80885894233551736,-0.99997886270307346,-0.80604046148051423,-0.3152186581006739,0.27968398651016224,0.76545954250440562,0.99143456316660106,0.91672850205024947,0.60667351438797057,0.18741696089156099,-0.21470260303333055,-0.51912031990045715,-0.70381211062451232,-0.78558672806354501,-0.78558672806354501,-0.70381211062451199,-0.51912031990045637,-0.21470260303332969,0.18741696089156099,0.60667351438797201,0.91672850205025025,0.99143456316660106,0.76545954250440451,0.27968398651015969,-0.31521865810067556,-0.80604046148051522,-0.99997886270307357,-0.80885894233551736,-0.29586298719828924],[-0.50127642040056153,-0.92521777468319899,-0.96574912730069207,-0.61519358636700505,-0.024401915258889628,0.56826583299645517,0.93947357034912282,0.96862326386525088,0.674150457640317,0.18741696089156099,-0.3178398652317394,-0.70381211062451199,-0.91766818797760297,-0.99159697989950968,-0.99981862939190935,-0.99981862939190935,-0.99159697989950968,-0.91766818797760286,-0.7038121106245111,-0.31783986523173857,0.18741696089156185,0.67415045764031767,0.96862326386525088,0.93947357034912216,0.56826583299645295,-0.024401915258890516,-0.6151935863670065,-0.96574912730069296,-0.92521777468319899,-0.50127642040056153],[-0.65060323179618651,-0.98136072946913133,-0.89041820318069531,-0.42253078985813092,0.21910552662493171,0.76545954250440562,0.99841035128512867,0.83904374167133577,0.36992595086127728,-0.21470260303333055,-0.70381211062451199,-0.96322844292499554,-0.98467886676171279,-0.87006409422791864,-0.76271637141763149,-0.76271637141763149,-0.87006409422791908,-0.98467886676171301,-0.96322844292499521,-0.70381211062451143,-0.21470260303332969,0.36992595086127894,0.83904374167133577,0.99841035128512856,0.76545954250440396,0.21910552662492999,-0.42253078985813092,-0.89041820318069698,-0.98136072946913133,-0.65060323179618651],[-0.74997889422410535,-0.99903814790278966,-0.80604046148051312,-0.2592985216662439,0.39877174496960838,0.88157786322625487,0.9851029097920142,0.674150457640317,0.090380028855739897,-0.51912031990045715,-0.91766818797760297,-0.98467886676171279,-0.76271637141763082,-0.42582794249633038,-0.18638980158868518,-0.18638980158868518,-0.42582794249633116,-0.76271637141763171,-0.98467886676171301,-0.91766818797760286,-0.5191203199004556,0.090380028855741673,0.674150457640317,0.98510290979201431,0.88157786322625353,0.39877174496960671,-0.25929852166624556,-0.80604046148051522,-0.99903814790278966,-0.74997889422410535],[-0.80885894233551625,-0.99836805924688943,-0.73695549542071392,-0.14373499608005277,0.51335002700618637,0.93947357034912282,0.9458677943441679,0.53326781447813565,-0.11158231348459283,-0.70381211062451232,-0.99159697989950968,-0.87006409422791864,-0.42582794249633038,0.10760801561783295,0.46209469859147362,0.46209469859147362,0.10760801561783163,-0.42582794249633199,-0.87006409422791953,-0.99159697989950968,-0.7038121106245111,-0.11158231348459018,0.53326781447813565,0.94586779434416823,0.93947357034912216,0.51335002700618493,-0.14373499608005452,-0.73695549542071626,-0.99836805924688943,-0.80885894233551625],[-0.83582331822870903,-0.99416831613264511,-0.69871650003118602,-0.084444876073722017,0.56826583299645372,0.96171401451657101,0.91672850205024947,0.45422876044514637,-0.21470260303333055,-0.78558672806354501,-0.99981862939190935,-0.76271637141763149,-0.18638980158868518,0.46209469859147362,0.88343177724204669,0.88343177724204669,0.46209469859147201,-0.18638980158868693,-0.7627163714176326,-0.99981862939190946,-0.78558672806354402,-0.21470260303332883,0.45422876044514637,0.91672850205025025,0.96171401451657024,0.56826583299645295,-0.084444876073723793,-0.69871650003118857,-0.99416831613264511,-0.83582331822870903],[-0.83582331822870903,-0.99416831613264511,-0.69871650003118602,-0.084444876073722017,0.56826583299645372,0.96171401451657101,0.91672850205024947,0.45422876044514637,-0.21470260303333055,-0.78558672806354501,-0.99981862939190935,-0.76271637141763149,-0.18638980158868518,0.46209469859147362,0.88343177724204669,0.88343177724204669,0.46209469859147201,-0.18638980158868693,-0.7627163714176326,-0.99981862939190946,-0.78558672806354402,-0.21470260303332883,0.45422876044514637,0.91672850205025025,0.96171401451657024,0.56826583299645295,-0.084444876073723793,-0.69871650003118857,-0.99416831613264511,-0.83582331822870903],[-0.80885894233551625,-0.99836805924688943,-0.73695549542071392,-0.14373499608005277,0.51335002700618637,0.93947357034912282,0.9458677943441679,0.53326781447813565,-0.11158231348459194,-0.70381211062451199,-0.99159697989950968,-0.87006409422791908,-0.42582794249633116,0.10760801561783163,0.46209469859147201,0.46209469859147201,0.10760801561783052,-0.42582794249633277,-0.87006409422791997,-0.99159697989950957,-0.70381211062451077,-0.11158231348459018,0.53326781447813565,0.94586779434416823,0.93947357034912216,0.51335002700618493,-0.14373499608005452,-0.73695549542071626,-0.99836805924688943,-0.80885894233551625],[-0.74997889422410535,-0.99903814790278955,-0.80604046148051423,-0.2592985216662439,0.39877174496960754,0.88157786322625442,0.9851029097920142,0.67415045764031767,0.090380028855740785,-0.51912031990045637,-0.91766818797760286,-0.98467886676171301,-0.76271637141763171,-0.42582794249633199,-0.18638980158868693,-0.18638980158868693,-0.42582794249633277,-0.7627163714176326,-0.98467886676171323,-0.91766818797760252,-0.51912031990045482,0.090380028855742547,0.67415045764031767,0.98510290979201454,0.88157786322625353,0.39877174496960671,-0.25929852166624556,-0.80604046148051633,-0.99903814790278955,-0.74997889422410535],[-0.65060323179618651,-0.98136072946913133,-0.89041820318069531,-0.42253078985813092,0.21910552662493085,0.76545954250440507,0.99841035128512867,0.83904374167133622,0.36992595086127894,-0.21470260303332969,-0.7038121106245111,-0.96322844292499521,-0.98467886676171301,-0.87006409422791953,-0.7627163714176326,-0.7627163714176326,-0.87006409422791997,-0.98467886676171323,-0.96322844292499488,-0.70381211062451077,-0.21470260303332797,0.36992595086128055,0.83904374167133622,0.99841035128512856,0.76545954250440396,0.21910552662492999,-0.42253078985813253,-0.89041820318069698,-0.98136072946913133,-0.65060323179618651],[-0.50127642040056153,-0.92521777468319832,-0.96574912730069251,-0.61519358636700505,-0.024401915258889628,0.56826583299645517,0.93947357034912282,0.96862326386525088,0.674150457640317,0.18741696089156099,-0.31783986523173857,-0.70381211062451143,-0.91766818797760286,-0.99159697989950968,-0.99981862939190946,-0.99981862939190946,-0.99159697989950957,-0.91766818797760252,-0.70381211062451077,-0.31783986523173774,0.18741696089156273,0.67415045764031833,0.96862326386525088,0.93947357034912216,0.56826583299645295,-0.024401915258891405,-0.6151935863670065,-0.96574912730069351,-0.92521777468319832,-0.50127642040056153],[-0.29586298719828924,-0.80885894233551625,-0.99997886270307346,-0.80604046148051423,-0.3152186581006739,0.27968398651016141,0.76545954250440451,0.99143456316660095,0.9167285020502498,0.60667351438797201,0.18741696089156185,-0.21470260303332969,-0.5191203199004556,-0.7038121106245111,-0.78558672806354402,-0.78558672806354402,-0.70381211062451077,-0.51912031990045482,-0.21470260303332797,0.18741696089156273,0.60667351438797268,0.91672850205025058,0.99143456316660095,0.76545954250440396,0.27968398651015886,-0.31521865810067556,-0.80604046148051522,-0.99997886270307357,-0.80885894233551625,-0.29586298719828924],[-0.036773868626590489,-0.61489068888206344,-0.95773460058415427,-0.95093874492584485,-0.61519358636700505,-0.084444876073722017,0.4567594451328168,0.84648568038964378,0.99841035128512856,0.91672850205025025,0.67415045764031767,0.36992595086127894,0.090380028855741673,-0.11158231348459018,-0.21470260303332883,-0.21470260303332883,-0.11158231348459018,0.090380028855742547,0.36992595086128055,0.67415045764031833,0.91672850205025058,0.99841035128512845,0.84648568038964378,0.45675944513281602,-0.084444876073723793,-0.6151935863670065,-0.9509387449258454,-0.95773460058415327,-0.61489068888206344,-0.036773868626590489],[0.25990863636466821,-0.3381236653168988,-0.80885894233551625,-0.99903814790278955,-0.86491226058488646,-0.47363224593430586,0.036191625888777855,0.51335002700618637,0.84648568038964422,0.99143456316660106,0.96862326386525088,0.83904374167133577,0.674150457640317,0.53326781447813565,0.45422876044514637,0.45422876044514637,0.53326781447813565,0.67415045764031767,0.83904374167133622,0.96862326386525088,0.99143456316660095,0.84648568038964378,0.51335002700618637,0.036191625888776967,-0.47363224593430742,-0.86491226058488735,-0.99903814790278955,-0.80885894233551525,-0.3381236653168988,0.25990863636466821],[0.56131013780502959,0.0065333442620606206,-0.54013492096406679,-0.90580006601502583,-0.99416831613264534,-0.80604046148051423,-0.42253078985813092,0.036191625888776967,0.45675944513281758,0.76545954250440451,0.93947357034912216,0.99841035128512856,0.98510290979201431,0.94586779434416823,0.91672850205025025,0.91672850205025025,0.94586779434416823,0.98510290979201454,0.99841035128512856,0.93947357034912216,0.76545954250440396,0.45675944513281602,0.036191625888776967,-0.42253078985813092,-0.80604046148051522,-0.99416831613264545,-0.90580006601502505,-0.54013492096406379,0.0065333442620606206,0.56131013780502959],[0.81893562029359046,0.37922585900636757,-0.1669825454828798,-0.65060323179618651,-0.94255343243864265,-0.9873479487983885,-0.80604046148051423,-0.47363224593430742,-0.084444876073722017,0.27968398651015969,0.56826583299645295,0.76545954250440396,0.88157786322625353,0.93947357034912216,0.96171401451657024,0.96171401451657024,0.93947357034912216,0.88157786322625353,0.76545954250440396,0.56826583299645295,0.27968398651015886,-0.084444876073723793,-0.47363224593430742,-0.80604046148051522,-0.98734794879838872,-0.94255343243864265,-0.65060323179618518,-0.16698254548287805,0.37922585900636757,0.81893562029359046],[0.97593903055316689,0.71689882943390915,0.25990863636466993,-0.25319374054212812,-0.68508287297900095,-0.94255343243864265,-0.99416831613264534,-0.86491226058488735,-0.61519358636700505,-0.31521865810067556,-0.024401915258890516,0.21910552662492999,0.39877174496960671,0.51335002700618493,0.56826583299645295,0.56826583299645295,0.51335002700618493,0.39877174496960671,0.21910552662492999,-0.024401915258891405,-0.31521865810067556,-0.6151935863670065,-0.86491226058488735,-0.99416831613264545,-0.94255343243864265,-0.68508287297900095,-0.2531937405421264,0.25990863636467165,0.71689882943390915,0.97593903055316689],[0.98067597072154167,0.94410618294716186,0.65819393745903421,0.21881730951288475,-0.25319374054212812,-0.65060323179618651,-0.90580006601502505,-0.99903814790278955,-0.95093874492584485,-0.80604046148051522,-0.6151935863670065,-0.42253078985813092,-0.25929852166624556,-0.14373499608005452,-0.084444876073723793,-0.084444876073723793,-0.14373499608005452,-0.25929852166624556,-0.42253078985813253,-0.6151935863670065,-0.80604046148051522,-0.9509387449258454,-0.99903814790278955,-0.90580006601502505,-0.65060323179618518,-0.2531937405421264,0.21881730951288647,0.65819393745903687,0.94410618294716186,0.98067597072154167],[0.80416982228007983,0.9925477330792547,0.93055362316052825,0.65819393745903554,0.25990863636466993,-0.1669825454828798,-0.54013492096406535,-0.80885894233551525,-0.95773460058415372,-0.99997886270307357,-0.96574912730069296,-0.89041820318069698,-0.80604046148051522,-0.73695549542071626,-0.69871650003118857,-0.69871650003118857,-0.73695549542071626,-0.80604046148051633,-0.89041820318069698,-0.96574912730069351,-0.99997886270307357,-0.95773460058415327,-0.80885894233551525,-0.54013492096406379,-0.16698254548287805,0.25990863636467165,0.65819393745903687,0.93055362316052881,0.9925477330792547,0.80416982228007983],[0.45643622917172816,0.82508409147707262,0.99254773307925492,0.94410618294716186,0.71689882943390915,0.37922585900636757,0.0065333442620606206,-0.3381236653168988,-0.61489068888206344,-0.80885894233551736,-0.92521777468319899,-0.98136072946913133,-0.99903814790278966,-0.99836805924688943,-0.99416831613264511,-0.99416831613264511,-0.99836805924688943,-0.99903814790278955,-0.98136072946913133,-0.92521777468319832,-0.80885894233551625,-0.61489068888206344,-0.3381236653168988,0.0065333442620606206,0.37922585900636757,0.71689882943390915,0.94410618294716186,0.9925477330792547,0.82508409147707262,0.45643622917172816],[-0.0049686621325942962,0.45643622917172816,0.80416982228008094,0.980675970721542,0.97593903055316644,0.81893562029359046,0.56131013780502814,0.25990863636466821,-0.036773868626590489,-0.29586298719828924,-0.50127642040056153,-0.65060323179618651,-0.74997889422410535,-0.80885894233551625,-0.83582331822870903,-0.83582331822870903,-0.80885894233551625,-0.74997889422410535,-0.65060323179618651,-0.50127642040056153,-0.29586298719828924,-0.036773868626590489,0.25990863636466821,0.56131013780502959,0.81893562029359046,0.97593903055316689,0.98067597072154167,0.80416982228007983,0.45643622917172816,-0.0049686621325942962]],"alpha_stroke":1,"sizes":[10,100],"spans":[1,20],"type":"surface"}},"layout":{"margin":{"b":40,"l":60,"t":25,"r":10},"title":"Gráfico de Superfície 3D","scene":{"xaxis":{"title":"X"},"yaxis":{"title":"Y"},"zaxis":{"title":"Z"}},"hovermode":"closest","showlegend":false,"legend":{"yanchor":"top","y":0.5}},"source":"A","config":{"modeBarButtonsToAdd":["hoverclosest","hovercompare"],"showSendToCloud":false},"data":[{"colorbar":{"title":"","ticklen":2,"len":0.5,"lenmode":"fraction","y":1,"yanchor":"top"},"colorscale":[["0","rgba(68,1,84,1)"],["0.0416666666666667","rgba(70,19,97,1)"],["0.0833333333333334","rgba(72,32,111,1)"],["0.125","rgba(71,45,122,1)"],["0.166666666666667","rgba(68,58,128,1)"],["0.208333333333333","rgba(64,70,135,1)"],["0.25","rgba(60,82,138,1)"],["0.291666666666667","rgba(56,93,140,1)"],["0.333333333333333","rgba(49,104,142,1)"],["0.375","rgba(46,114,142,1)"],["0.416666666666667","rgba(42,123,142,1)"],["0.458333333333333","rgba(38,133,141,1)"],["0.5","rgba(37,144,140,1)"],["0.541666666666667","rgba(33,154,138,1)"],["0.583333333333333","rgba(39,164,133,1)"],["0.625","rgba(47,174,127,1)"],["0.666666666666667","rgba(53,183,121,1)"],["0.708333333333333","rgba(79,191,110,1)"],["0.75","rgba(98,199,98,1)"],["0.791666666666667","rgba(119,207,85,1)"],["0.833333333333333","rgba(147,214,70,1)"],["0.875","rgba(172,220,52,1)"],["0.916666666666667","rgba(199,225,42,1)"],["0.958333333333333","rgba(226,228,40,1)"],["1","rgba(253,231,37,1)"]],"showscale":true,"x":[-10,-9.3103448275862064,-8.6206896551724128,-7.931034482758621,-7.2413793103448274,-6.5517241379310338,-5.8620689655172411,-5.1724137931034484,-4.4827586206896548,-3.7931034482758612,-3.1034482758620685,-2.4137931034482758,-1.7241379310344822,-1.0344827586206886,-0.3448275862068968,0.3448275862068968,1.0344827586206904,1.724137931034484,2.4137931034482776,3.1034482758620694,3.793103448275863,4.4827586206896566,5.1724137931034484,5.862068965517242,6.5517241379310356,7.2413793103448292,7.9310344827586228,8.6206896551724164,9.3103448275862064,10],"y":[-10,-9.3103448275862064,-8.6206896551724128,-7.931034482758621,-7.2413793103448274,-6.5517241379310338,-5.8620689655172411,-5.1724137931034484,-4.4827586206896548,-3.7931034482758612,-3.1034482758620685,-2.4137931034482758,-1.7241379310344822,-1.0344827586206886,-0.3448275862068968,0.3448275862068968,1.0344827586206904,1.724137931034484,2.4137931034482776,3.1034482758620694,3.793103448275863,4.4827586206896566,5.1724137931034484,5.862068965517242,6.5517241379310356,7.2413793103448292,7.9310344827586228,8.6206896551724164,9.3103448275862064,10],"z":[[-0.0049686621325942962,0.45643622917172816,0.80416982228008094,0.980675970721542,0.97593903055316644,0.81893562029359046,0.56131013780502814,0.25990863636466821,-0.036773868626590489,-0.29586298719828924,-0.50127642040056153,-0.65060323179618651,-0.74997889422410535,-0.80885894233551625,-0.83582331822870903,-0.83582331822870903,-0.80885894233551625,-0.74997889422410535,-0.65060323179618651,-0.50127642040056153,-0.29586298719828924,-0.036773868626590489,0.25990863636466821,0.56131013780502959,0.81893562029359046,0.97593903055316689,0.98067597072154167,0.80416982228007983,0.45643622917172816,-0.0049686621325942962],[0.45643622917172816,0.82508409147707262,0.99254773307925492,0.94410618294716186,0.71689882943390915,0.37922585900636757,0.0065333442620606206,-0.3381236653168988,-0.61489068888206344,-0.80885894233551736,-0.92521777468319899,-0.98136072946913133,-0.99903814790278966,-0.99836805924688943,-0.99416831613264511,-0.99416831613264511,-0.99836805924688943,-0.99903814790278955,-0.98136072946913133,-0.92521777468319832,-0.80885894233551625,-0.61489068888206344,-0.3381236653168988,0.0065333442620606206,0.37922585900636757,0.71689882943390915,0.94410618294716186,0.9925477330792547,0.82508409147707262,0.45643622917172816],[0.80416982228008094,0.99254773307925492,0.93055362316052692,0.65819393745903421,0.25990863636466821,-0.16698254548288155,-0.54013492096406679,-0.80885894233551625,-0.95773460058415427,-0.99997886270307346,-0.96574912730069207,-0.89041820318069531,-0.80604046148051312,-0.73695549542071392,-0.69871650003118602,-0.69871650003118602,-0.73695549542071392,-0.80604046148051423,-0.89041820318069531,-0.96574912730069251,-0.99997886270307346,-0.95773460058415427,-0.80885894233551625,-0.54013492096406679,-0.1669825454828798,0.25990863636466993,0.65819393745903421,0.93055362316052825,0.99254773307925492,0.80416982228008094],[0.980675970721542,0.94410618294716186,0.65819393745903421,0.218817309512883,-0.25319374054212812,-0.65060323179618784,-0.90580006601502583,-0.99903814790278955,-0.9509387449258444,-0.80604046148051423,-0.61519358636700505,-0.42253078985813092,-0.2592985216662439,-0.14373499608005277,-0.084444876073722017,-0.084444876073722017,-0.14373499608005277,-0.2592985216662439,-0.42253078985813092,-0.61519358636700505,-0.80604046148051423,-0.95093874492584485,-0.99903814790278955,-0.90580006601502583,-0.65060323179618651,-0.25319374054212812,0.21881730951288475,0.65819393745903554,0.94410618294716186,0.980675970721542],[0.97593903055316644,0.71689882943390915,0.25990863636466821,-0.25319374054212812,-0.68508287297900228,-0.9425534324386432,-0.99416831613264511,-0.86491226058488646,-0.61519358636700361,-0.3152186581006739,-0.024401915258889628,0.21910552662493171,0.39877174496960838,0.51335002700618637,0.56826583299645372,0.56826583299645372,0.51335002700618637,0.39877174496960754,0.21910552662493085,-0.024401915258889628,-0.3152186581006739,-0.61519358636700505,-0.86491226058488646,-0.99416831613264534,-0.94255343243864265,-0.68508287297900095,-0.25319374054212812,0.25990863636466993,0.71689882943390915,0.97593903055316644],[0.81893562029359046,0.37922585900636757,-0.16698254548288155,-0.65060323179618784,-0.9425534324386432,-0.9873479487983885,-0.80604046148051312,-0.47363224593430586,-0.084444876073720254,0.27968398651016224,0.56826583299645517,0.76545954250440562,0.88157786322625487,0.93947357034912282,0.96171401451657101,0.96171401451657101,0.93947357034912282,0.88157786322625442,0.76545954250440507,0.56826583299645517,0.27968398651016141,-0.084444876073722017,-0.47363224593430586,-0.80604046148051423,-0.9873479487983885,-0.94255343243864265,-0.65060323179618651,-0.1669825454828798,0.37922585900636757,0.81893562029359046],[0.56131013780502814,0.0065333442620606206,-0.54013492096406679,-0.90580006601502583,-0.99416831613264511,-0.80604046148051312,-0.42253078985812931,0.036191625888777855,0.45675944513281841,0.76545954250440562,0.93947357034912282,0.99841035128512867,0.9851029097920142,0.9458677943441679,0.91672850205024947,0.91672850205024947,0.9458677943441679,0.9851029097920142,0.99841035128512867,0.93947357034912282,0.76545954250440451,0.4567594451328168,0.036191625888777855,-0.42253078985813092,-0.80604046148051423,-0.99416831613264534,-0.90580006601502505,-0.54013492096406535,0.0065333442620606206,0.56131013780502814],[0.25990863636466821,-0.3381236653168988,-0.80885894233551625,-0.99903814790278955,-0.86491226058488646,-0.47363224593430586,0.036191625888777855,0.51335002700618637,0.84648568038964422,0.99143456316660106,0.96862326386525088,0.83904374167133577,0.674150457640317,0.53326781447813565,0.45422876044514637,0.45422876044514637,0.53326781447813565,0.67415045764031767,0.83904374167133622,0.96862326386525088,0.99143456316660095,0.84648568038964378,0.51335002700618637,0.036191625888776967,-0.47363224593430742,-0.86491226058488735,-0.99903814790278955,-0.80885894233551525,-0.3381236653168988,0.25990863636466821],[-0.036773868626590489,-0.61489068888206344,-0.95773460058415427,-0.9509387449258444,-0.61519358636700361,-0.084444876073720254,0.45675944513281841,0.84648568038964422,0.99841035128512867,0.91672850205024947,0.674150457640317,0.36992595086127728,0.090380028855739897,-0.11158231348459283,-0.21470260303333055,-0.21470260303333055,-0.11158231348459194,0.090380028855740785,0.36992595086127894,0.674150457640317,0.9167285020502498,0.99841035128512856,0.84648568038964422,0.45675944513281758,-0.084444876073722017,-0.61519358636700505,-0.95093874492584485,-0.95773460058415372,-0.61489068888206344,-0.036773868626590489],[-0.29586298719828924,-0.80885894233551736,-0.99997886270307346,-0.80604046148051423,-0.3152186581006739,0.27968398651016224,0.76545954250440562,0.99143456316660106,0.91672850205024947,0.60667351438797057,0.18741696089156099,-0.21470260303333055,-0.51912031990045715,-0.70381211062451232,-0.78558672806354501,-0.78558672806354501,-0.70381211062451199,-0.51912031990045637,-0.21470260303332969,0.18741696089156099,0.60667351438797201,0.91672850205025025,0.99143456316660106,0.76545954250440451,0.27968398651015969,-0.31521865810067556,-0.80604046148051522,-0.99997886270307357,-0.80885894233551736,-0.29586298719828924],[-0.50127642040056153,-0.92521777468319899,-0.96574912730069207,-0.61519358636700505,-0.024401915258889628,0.56826583299645517,0.93947357034912282,0.96862326386525088,0.674150457640317,0.18741696089156099,-0.3178398652317394,-0.70381211062451199,-0.91766818797760297,-0.99159697989950968,-0.99981862939190935,-0.99981862939190935,-0.99159697989950968,-0.91766818797760286,-0.7038121106245111,-0.31783986523173857,0.18741696089156185,0.67415045764031767,0.96862326386525088,0.93947357034912216,0.56826583299645295,-0.024401915258890516,-0.6151935863670065,-0.96574912730069296,-0.92521777468319899,-0.50127642040056153],[-0.65060323179618651,-0.98136072946913133,-0.89041820318069531,-0.42253078985813092,0.21910552662493171,0.76545954250440562,0.99841035128512867,0.83904374167133577,0.36992595086127728,-0.21470260303333055,-0.70381211062451199,-0.96322844292499554,-0.98467886676171279,-0.87006409422791864,-0.76271637141763149,-0.76271637141763149,-0.87006409422791908,-0.98467886676171301,-0.96322844292499521,-0.70381211062451143,-0.21470260303332969,0.36992595086127894,0.83904374167133577,0.99841035128512856,0.76545954250440396,0.21910552662492999,-0.42253078985813092,-0.89041820318069698,-0.98136072946913133,-0.65060323179618651],[-0.74997889422410535,-0.99903814790278966,-0.80604046148051312,-0.2592985216662439,0.39877174496960838,0.88157786322625487,0.9851029097920142,0.674150457640317,0.090380028855739897,-0.51912031990045715,-0.91766818797760297,-0.98467886676171279,-0.76271637141763082,-0.42582794249633038,-0.18638980158868518,-0.18638980158868518,-0.42582794249633116,-0.76271637141763171,-0.98467886676171301,-0.91766818797760286,-0.5191203199004556,0.090380028855741673,0.674150457640317,0.98510290979201431,0.88157786322625353,0.39877174496960671,-0.25929852166624556,-0.80604046148051522,-0.99903814790278966,-0.74997889422410535],[-0.80885894233551625,-0.99836805924688943,-0.73695549542071392,-0.14373499608005277,0.51335002700618637,0.93947357034912282,0.9458677943441679,0.53326781447813565,-0.11158231348459283,-0.70381211062451232,-0.99159697989950968,-0.87006409422791864,-0.42582794249633038,0.10760801561783295,0.46209469859147362,0.46209469859147362,0.10760801561783163,-0.42582794249633199,-0.87006409422791953,-0.99159697989950968,-0.7038121106245111,-0.11158231348459018,0.53326781447813565,0.94586779434416823,0.93947357034912216,0.51335002700618493,-0.14373499608005452,-0.73695549542071626,-0.99836805924688943,-0.80885894233551625],[-0.83582331822870903,-0.99416831613264511,-0.69871650003118602,-0.084444876073722017,0.56826583299645372,0.96171401451657101,0.91672850205024947,0.45422876044514637,-0.21470260303333055,-0.78558672806354501,-0.99981862939190935,-0.76271637141763149,-0.18638980158868518,0.46209469859147362,0.88343177724204669,0.88343177724204669,0.46209469859147201,-0.18638980158868693,-0.7627163714176326,-0.99981862939190946,-0.78558672806354402,-0.21470260303332883,0.45422876044514637,0.91672850205025025,0.96171401451657024,0.56826583299645295,-0.084444876073723793,-0.69871650003118857,-0.99416831613264511,-0.83582331822870903],[-0.83582331822870903,-0.99416831613264511,-0.69871650003118602,-0.084444876073722017,0.56826583299645372,0.96171401451657101,0.91672850205024947,0.45422876044514637,-0.21470260303333055,-0.78558672806354501,-0.99981862939190935,-0.76271637141763149,-0.18638980158868518,0.46209469859147362,0.88343177724204669,0.88343177724204669,0.46209469859147201,-0.18638980158868693,-0.7627163714176326,-0.99981862939190946,-0.78558672806354402,-0.21470260303332883,0.45422876044514637,0.91672850205025025,0.96171401451657024,0.56826583299645295,-0.084444876073723793,-0.69871650003118857,-0.99416831613264511,-0.83582331822870903],[-0.80885894233551625,-0.99836805924688943,-0.73695549542071392,-0.14373499608005277,0.51335002700618637,0.93947357034912282,0.9458677943441679,0.53326781447813565,-0.11158231348459194,-0.70381211062451199,-0.99159697989950968,-0.87006409422791908,-0.42582794249633116,0.10760801561783163,0.46209469859147201,0.46209469859147201,0.10760801561783052,-0.42582794249633277,-0.87006409422791997,-0.99159697989950957,-0.70381211062451077,-0.11158231348459018,0.53326781447813565,0.94586779434416823,0.93947357034912216,0.51335002700618493,-0.14373499608005452,-0.73695549542071626,-0.99836805924688943,-0.80885894233551625],[-0.74997889422410535,-0.99903814790278955,-0.80604046148051423,-0.2592985216662439,0.39877174496960754,0.88157786322625442,0.9851029097920142,0.67415045764031767,0.090380028855740785,-0.51912031990045637,-0.91766818797760286,-0.98467886676171301,-0.76271637141763171,-0.42582794249633199,-0.18638980158868693,-0.18638980158868693,-0.42582794249633277,-0.7627163714176326,-0.98467886676171323,-0.91766818797760252,-0.51912031990045482,0.090380028855742547,0.67415045764031767,0.98510290979201454,0.88157786322625353,0.39877174496960671,-0.25929852166624556,-0.80604046148051633,-0.99903814790278955,-0.74997889422410535],[-0.65060323179618651,-0.98136072946913133,-0.89041820318069531,-0.42253078985813092,0.21910552662493085,0.76545954250440507,0.99841035128512867,0.83904374167133622,0.36992595086127894,-0.21470260303332969,-0.7038121106245111,-0.96322844292499521,-0.98467886676171301,-0.87006409422791953,-0.7627163714176326,-0.7627163714176326,-0.87006409422791997,-0.98467886676171323,-0.96322844292499488,-0.70381211062451077,-0.21470260303332797,0.36992595086128055,0.83904374167133622,0.99841035128512856,0.76545954250440396,0.21910552662492999,-0.42253078985813253,-0.89041820318069698,-0.98136072946913133,-0.65060323179618651],[-0.50127642040056153,-0.92521777468319832,-0.96574912730069251,-0.61519358636700505,-0.024401915258889628,0.56826583299645517,0.93947357034912282,0.96862326386525088,0.674150457640317,0.18741696089156099,-0.31783986523173857,-0.70381211062451143,-0.91766818797760286,-0.99159697989950968,-0.99981862939190946,-0.99981862939190946,-0.99159697989950957,-0.91766818797760252,-0.70381211062451077,-0.31783986523173774,0.18741696089156273,0.67415045764031833,0.96862326386525088,0.93947357034912216,0.56826583299645295,-0.024401915258891405,-0.6151935863670065,-0.96574912730069351,-0.92521777468319832,-0.50127642040056153],[-0.29586298719828924,-0.80885894233551625,-0.99997886270307346,-0.80604046148051423,-0.3152186581006739,0.27968398651016141,0.76545954250440451,0.99143456316660095,0.9167285020502498,0.60667351438797201,0.18741696089156185,-0.21470260303332969,-0.5191203199004556,-0.7038121106245111,-0.78558672806354402,-0.78558672806354402,-0.70381211062451077,-0.51912031990045482,-0.21470260303332797,0.18741696089156273,0.60667351438797268,0.91672850205025058,0.99143456316660095,0.76545954250440396,0.27968398651015886,-0.31521865810067556,-0.80604046148051522,-0.99997886270307357,-0.80885894233551625,-0.29586298719828924],[-0.036773868626590489,-0.61489068888206344,-0.95773460058415427,-0.95093874492584485,-0.61519358636700505,-0.084444876073722017,0.4567594451328168,0.84648568038964378,0.99841035128512856,0.91672850205025025,0.67415045764031767,0.36992595086127894,0.090380028855741673,-0.11158231348459018,-0.21470260303332883,-0.21470260303332883,-0.11158231348459018,0.090380028855742547,0.36992595086128055,0.67415045764031833,0.91672850205025058,0.99841035128512845,0.84648568038964378,0.45675944513281602,-0.084444876073723793,-0.6151935863670065,-0.9509387449258454,-0.95773460058415327,-0.61489068888206344,-0.036773868626590489],[0.25990863636466821,-0.3381236653168988,-0.80885894233551625,-0.99903814790278955,-0.86491226058488646,-0.47363224593430586,0.036191625888777855,0.51335002700618637,0.84648568038964422,0.99143456316660106,0.96862326386525088,0.83904374167133577,0.674150457640317,0.53326781447813565,0.45422876044514637,0.45422876044514637,0.53326781447813565,0.67415045764031767,0.83904374167133622,0.96862326386525088,0.99143456316660095,0.84648568038964378,0.51335002700618637,0.036191625888776967,-0.47363224593430742,-0.86491226058488735,-0.99903814790278955,-0.80885894233551525,-0.3381236653168988,0.25990863636466821],[0.56131013780502959,0.0065333442620606206,-0.54013492096406679,-0.90580006601502583,-0.99416831613264534,-0.80604046148051423,-0.42253078985813092,0.036191625888776967,0.45675944513281758,0.76545954250440451,0.93947357034912216,0.99841035128512856,0.98510290979201431,0.94586779434416823,0.91672850205025025,0.91672850205025025,0.94586779434416823,0.98510290979201454,0.99841035128512856,0.93947357034912216,0.76545954250440396,0.45675944513281602,0.036191625888776967,-0.42253078985813092,-0.80604046148051522,-0.99416831613264545,-0.90580006601502505,-0.54013492096406379,0.0065333442620606206,0.56131013780502959],[0.81893562029359046,0.37922585900636757,-0.1669825454828798,-0.65060323179618651,-0.94255343243864265,-0.9873479487983885,-0.80604046148051423,-0.47363224593430742,-0.084444876073722017,0.27968398651015969,0.56826583299645295,0.76545954250440396,0.88157786322625353,0.93947357034912216,0.96171401451657024,0.96171401451657024,0.93947357034912216,0.88157786322625353,0.76545954250440396,0.56826583299645295,0.27968398651015886,-0.084444876073723793,-0.47363224593430742,-0.80604046148051522,-0.98734794879838872,-0.94255343243864265,-0.65060323179618518,-0.16698254548287805,0.37922585900636757,0.81893562029359046],[0.97593903055316689,0.71689882943390915,0.25990863636466993,-0.25319374054212812,-0.68508287297900095,-0.94255343243864265,-0.99416831613264534,-0.86491226058488735,-0.61519358636700505,-0.31521865810067556,-0.024401915258890516,0.21910552662492999,0.39877174496960671,0.51335002700618493,0.56826583299645295,0.56826583299645295,0.51335002700618493,0.39877174496960671,0.21910552662492999,-0.024401915258891405,-0.31521865810067556,-0.6151935863670065,-0.86491226058488735,-0.99416831613264545,-0.94255343243864265,-0.68508287297900095,-0.2531937405421264,0.25990863636467165,0.71689882943390915,0.97593903055316689],[0.98067597072154167,0.94410618294716186,0.65819393745903421,0.21881730951288475,-0.25319374054212812,-0.65060323179618651,-0.90580006601502505,-0.99903814790278955,-0.95093874492584485,-0.80604046148051522,-0.6151935863670065,-0.42253078985813092,-0.25929852166624556,-0.14373499608005452,-0.084444876073723793,-0.084444876073723793,-0.14373499608005452,-0.25929852166624556,-0.42253078985813253,-0.6151935863670065,-0.80604046148051522,-0.9509387449258454,-0.99903814790278955,-0.90580006601502505,-0.65060323179618518,-0.2531937405421264,0.21881730951288647,0.65819393745903687,0.94410